209460500
209438300
212431900
209441800
209440000
208445600
212431200
208438700
212426700
208446200
207442700
211399900
208464400
208440500
208442700
208405800
209460000
213404700
211437400
207505200
207385800
208440500
209415600
208441700
211435100
208445700
209463400
210436800
208445600
208442200
208443400
212432400
205451500
209442900
208439900
208446100
209440000
208466100
209440000
208439900
208451300
209440000
211432300
208444000
210436100
211456200
209461600
211376000
208383700
208442800
