187852300
188193100
187891700
198500900
195485200
194417900
187495200
191483000
188046400
196475600
186501900
186470000
186499600
186501200
183472000
192488800
185505800
186464900
185509100
187494000
185503400
187533800
186501900
183527700
191594600
187942800
187555500
185502800
187503700
189824100
186501800
185528500
183509400
193900800
187838200
186562200
188834300
188699500
186504700
187610700
181515000
188944700
182474100
189331500
187640700
189114800
186547300
182507700
188436700
189080600
