408413
408413
408413
408413
408413
408413
408413
408413
408413
408413
408413
408413
408413
408413
408413
408413
408413
408413
408413
408413
408413
408413
408413
408413
408413
408413
408413
408413
408413
408413
408413
408413
408413
408413
408413
408413
408413
408413
408413
408413
408413
408413
408413
408413
408413
408413
408413
408413
408413
408413
5005170
5005170
5005170
5005170
5005170
5005170
5005170
5005170
5005170
5005170
5005170
5005170
5005170
5005170
5005170
5005170
5005170
5005170
5005170
5005170
5005170
5005170
5005170
5005170
5005170
5005170
5005170
5005170
5005170
5005170
5005170
5005170
5005170
5005170
5005170
5005170
5005170
5005170
5005170
5005170
5005170
5005170
5005170
5005170
5005170
5005170
5005170
5005170
5005170
5005170
59262042
59262042
59262042
59262042
59262042
59262042
59262042
59262042
59262042
59262042
59262042
59262042
59262042
59262042
59262042
59262042
59262042
59262042
59262042
59262042
59262042
59262042
59262042
59262042
59262042
59262042
59262042
59262042
59262042
59262042
59262042
59262042
59262042
59262042
59262042
59262042
59262042
59262042
59262042
59262042
59262042
59262042
59262042
59262042
59262042
59262042
59262042
59262042
59262042
59262042
40008
40008
40008
40008
40008
40008
40008
40008
40008
40008
40008
40008
40008
40008
40008
40008
40008
40008
40008
40008
40008
40008
40008
40008
40008
40008
40008
40008
40008
40008
40008
40008
40008
40008
40008
40008
40008
40008
40008
40008
40008
40008
40008
40008
40008
40008
40008
40008
40008
40008
400008
400008
400008
400008
400008
400008
400008
400008
400008
400008
400008
400008
400008
400008
400008
400008
400008
400008
400008
400008
400008
400008
400008
400008
400008
400008
400008
400008
400008
400008
400008
400008
400008
400008
400008
400008
400008
400008
400008
400008
400008
400008
400008
400008
400008
400008
400008
400008
400008
400008
4000008
4000008
4000008
4000008
4000008
4000008
4000008
4000008
4000008
4000008
4000008
4000008
4000008
4000008
4000008
4000008
4000008
4000008
4000008
4000008
4000008
4000008
4000008
4000008
4000008
4000008
4000008
4000008
4000008
4000008
4000008
4000008
4000008
4000008
4000008
4000008
4000008
4000008
4000008
4000008
4000008
4000008
4000008
4000008
4000008
4000008
4000008
4000008
4000008
4000008
