8125721
6291757
4971203
3655587
5029738
3662639
4225417
7604200
2260632
4604128
1825854
2373469
2099838
2049061
1890736
3165801
1723596
5011050
1667881
1673876
2122052
1900609
2260631
1958086
2200334
1607584
1728179
2227486
1800113
3069889
2849503
2884765
3741273
3442959
3628436
3270528
4271610
3043090
2237712
2105832
2013094
2066340
1947155
1960906
1614637
1605821
1806460
2590329
2253579
1987001
29614240
24649736
28965424
43721061
33032163
25600394
25699479
25958653
24582739
23327420
24082375
38170154
44170648
45063124
36310449
23780887
22736433
24596843
24871180
24445571
27029552
22477964
21929291
28152287
25096150
24012556
24370462
25104613
32577286
38360215
41511912
49438051
60198178
49099186
47714808
27655801
23396533
23823905
22398625
24843323
24551003
26374741
26902963
25323236
28124783
25887776
23106682
26425166
28292629
25529164
309036568
391938032
303295600
327993291
290438808
260428931
245314329
249551029
251562713
247722354
244396817
250898029
282855061
374482402
307983651
303272327
285459847
328816301
303696878
301996557
289704306
269766599
275669419
278054524
281689659
280455145
257660530
252711541
275893683
255647436
253475664
260071024
245075606
278973092
302455312
231300598
228702512
226231367
233351423
230365104
229943726
225777901
227806863
228345310
234295733
229120716
226362189
238414659
232871863
239011289
3990926
1714427
1833964
1686923
672795
678436
648464
674205
651990
988388
701004
640354
658337
674558
650932
652343
663627
654106
645290
649522
655869
656574
656222
659042
657280
739792
681257
668563
655516
669973
670326
651637
650580
649169
653047
653753
649522
659747
1654129
656222
666447
660101
656222
652696
653753
654106
665742
685841
791627
651284
8368322
8818967
9493525
8822846
8320366
8397236
8805568
9471662
8713887
8570724
8327771
8386305
9485415
8465292
8492091
8448366
8415926
8982581
8435672
8474107
8417336
8518185
8907826
8579892
8467760
8371143
8426151
8907827
8841182
8889843
8351749
9175464
8885259
8488212
8981172
8790052
8362680
8616917
9279486
8790758
8505138
8628907
8520653
8416983
8968125
8616917
9441690
8417335
8555561
9007618
112671562
111536486
112742085
111069268
119741193
116778499
111862304
111114755
112172960
110481453
113956853
110980055
111568574
112384178
110482512
111563990
112467748
111431406
110764605
110016704
111613356
110447250
111013554
114055233
111107702
111809411
114085911
112426845
110216638
117478092
116246399
118548287
117271811
119783860
116937883
114537967
111446568
110355569
109935601
110852055
111109818
116793310
110719118
111120397
111756871
110349927
112294260
109236008
110569255
112973755
